-44 0.701353 16.1353
1 2.03057 16.25
1 6.86805 16.25
1 14.6651 54.8287
-27.75 7.05209 17.25
1 15.7286 56.531
-22.75 18.477 70.5724
-22.7797 21.0722 71.0094
39.25 54.4219 71.0144
39.0685 61.8488 71.0362
39.25 63.2913 71.1208
39.2323 65.9213 70.9731
-10.3747 61.237 71.1961
1 60.6108 70.9927
65.932 66.4989 71.0922
-10.3745 59.2921 71.1773
-10.3743 48.4459 71.0208
34.072 48.49 71.0448
16.0515 63.6308 71.0833
-10.3747 62.3265 71.0885
-10.3594 60.7868 70.961
-10.0868 64.862 71.1039
16.0619 67.2587 71.0794
16.0735 67.3337 70.8559
-10.2914 66.493 70.8643
-10.2986 59.3279 71.1455
-10.2197 66.039 71.0979
65.929 67.1075 71.0808
-37.7907 63.9952 71.0984
-37.9452 63.167 71.1664
-10.2219 65.7405 71.0984
-10.0975 64.4708 71.1756
-12.75 56.8651 71.1991
-12.9469 65.5468 71.1911
-10.3641 62.9743 71.1619
-10.2055 65.8017 71.1899
-10.2908 67.1042 71.1183
-10.36 57.4203 71.189
-10.1762 37.2666 71.1722
-10.3684 64.3916 71.1648
1 67.1445 71.0014
-44 50.6382 71.1412
-24.034 65.4912 71.1916
39.0966 61.555 71.174
60.3178 67.8616 71.1093
39.0519 66.5544 71.0489
35.0759 63.8892 71.1365
39.0505 60.4061 71.1763
-24.1135 64.9607 71.1961
-5.12399 62.357 71.1103
-5.28497 58.9099 71.0348
-5.34911 39.2562 71.0851
-5.34996 50.6943 71.1992
-10.2229 60.3654 71.1781
-5.3359 61.3605 71.1554
